83.85964170070852 46.36498321316386
73.20613130226791 50.85495472051197
72.10786183777789 51.39124670144971
74.46438563793133 57.28928390073635
91.84122496374336 56.10492583844442
94.51344489085301 74.83649413211234
89.4339272460105 64.90823182817007
86.48078583005395 65.14314093755561
89.57768016079294 75.98458238714684
91.94164187732318 87.54338990644153
88.83396115210176 93.52680794279874
86.615670891318 88.46022490818626
74.32579223964221 84.24280421249128
72.7499311358677 71.96473888860643
74.42699570163006 66.88574558510902
62.83898204908419 57.74495300513399
55.60267914653755 53.3057251317636
42.94423128512891 71.34655985116112
58.9941349786773 65.98301930711882
60.24085665403056 81.45083366460634
71.17727873644641 85.11504507067417
59.85258375173034 87.06171982243791
75.81027342359764 95.14159736252346
57.89069774344468 89.35118117981482
57.71033201819884 87.28912595977755
43.86319067334553 76.81806051127558
41.7433164678278 93.37387645792684
36.57060883769013 83.39111445187464
36.80542566136138 77.00361962630882
17.2354116370485 69.15425353074608
12.3552464249193 75.68390826101262
14.69808073669576 75.76065994082443
24.4533714324949 81.41579150667813
31.32160535518394 90.17727850281712
21.55304458000617 97.86813370903757
17.47250582533926 94.43164061409986
17.12480832840254 90.28588689630827
13.72750836777384 92.94264467617258
16.70894561545901 94.4168485955199
11.12897286598201 97.51237070943049
12.58823193152024 94.50331097927743
7.318047524442828 88.44532668086391
10.3583674924386 82.44968137845117
10.00207878865901 61.74760553605663
1.927980455870082 39.70703599414088
0.4751255568237522 33.66491405078448
9.314561224149887 36.70071912563768
10.39889026718732 42.68372917966349
18.51829600699273 56.09974459822098
11.2310344925075 64.07319511666111
21.22773281821313 62.39741118699845
36.35949111586739 53.14464133530217
43.08172098422383 51.0157590831374
40.69107789673008 50.38284543634918
42.3895546207137 44.72402522877419
35.66302553154015 44.80047607686097
25.23548401262173 41.66546120152439
28.08218224413746 39.88119688883185
25.52955408523852 34.21642501183049
39.31453841506285 31.19784191452518
42.82049041989484 38.40755783529157
41.41293371304068 29.35076878202404
56.65936349237689 28.76841155785498
47.04456797511448 21.63490661293631
42.60030569787613 7.586620185403148
37.68433752719028 6.073100422993227
28.3584012295126 24.96926626525238
5.807553871689875 26.6659399092216
5.830758327470431 13.49181134050541
11.26276495897598 12.08668694619883
17.13473143347671 9.914997942827487
13.66525894721089 8.775511018978467
10.64893549695686 3.659359769836823
17.26312417414233 3.339489087078262
21.48625663729765 0.7138060080103759
35.02275323679284 3.079337579316899
34.84038398022538 1.721168915846272
38.65331813439844 6.108798096160529
47.55973626964968 2.211562140499912
67.77956985391316 3.719255555591217
77.01033026863181 4.240186717991701
68.47306773830673 5.686578617211701
68.8276096443705 7.887919168024871
57.12768040411932 5.716358009837275
50.70503006488553 10.00001922220375
51.80950999858439 15.70956242587244
59.3099064736646 18.02297686739457
57.67410542617795 11.58958110122883
65.38223705649727 16.83324393486216
69.85779888452153 24.90141100455158
67.21817010057532 12.09335825544373
79.23185841025871 5.555351012326238
82.61395496085676 19.287433086859
86.97232289307904 23.35673895977409
91.18158308638301 26.41813284084165
97.16778416461324 40.40048176216467
84.8013479586317 33.87845257609984
96.84491009126627 40.91241437777251
84.13839161888619 45.69019622912389
91.98105475805653 50.27939118424803
83.85964170070852 46.36498321316386
