459.2767248413757 392.5307729361759
405.2308472772114 396.9346726360427
341.4485229966618 419.8630010674528
331.9206945216646 426.2803388281978
286.097301452952 433.8561155475837
229.6760374328116 445.1582283272707
221.3450623037265 433.8373653546744
221.0932680676106 424.500502821755
201.3875049805175 436.2321831172117
210.1849017925537 471.2681162703667
190.8568946989563 451.5404282744473
187.2563804206885 505.7173412935348
135.5326945721432 501.8633708019029
96.80265216787831 542.8643800918223
94.73655337496622 529.2035920908681
60.16809523587374 534.666892518913
53.15617293379782 528.0613396852427
91.39410767922284 510.6290919927451
51.76800810921356 492.53836411143
13.13517349596916 519.9586215413622
4.410720757832665 416.6413432062263
27.37890524884479 454.879592364481
36.6616115403694 438.8128733829034
38.54334038121754 457.8417953943305
47.33875361137774 449.7526726701063
83.65291319811996 473.4773728479779
119.1358324849993 499.7994684609242
145.437415229458 480.2288789441823
188.4523046922811 449.216569772253
182.4788356479072 436.5183215622376
180.9925837389593 409.2911953835853
134.0560657441451 421.1019702951807
122.1357468492472 393.0455481250654
119.9052974694254 427.1291451390597
94.70581853337257 423.0555128534778
93.83450004315752 420.7394358391264
52.4714650989675 413.3387835955746
58.23112363366323 365.3940913582493
15.12515313908791 390.0682906431194
3.222890085679109 355.4595626097279
33.60045324430572 357.947354029506
17.92003119769969 330.2950608346603
59.22150737760556 362.3933645631893
88.54421898543075 345.7182243044725
113.1509711683102 372.2382108015966
121.1230167954617 376.4797804744516
144.2623951491575 364.0406387052656
129.4536847900927 388.4678789349749
170.1174252110314 384.6765696897618
205.743449288487 388.1268983326227
241.7162666201367 351.9545905660027
202.1252381215338 360.7895272777161
212.7711664162887 310.8667227739334
185.6145593936848 357.2156610457089
144.2643435218759 337.8604216279468
94.19281863024109 315.7569995775843
139.33474544239 313.2216907442824
165.6499954731658 303.0430404006946
120.4829984914406 293.0896948051815
96.6735541727053 299.6643975434853
107.0436490810794 287.8069525130383
69.24263979549517 287.222115049301
60.94545667146478 290.1644218487261
17.08045796668467 321.2407470235431
12.58908072081089 292.3505751558482
0.1092467333105862 351.3557865622078
7.571115633743353 280.0873664909988
37.40410098609181 280.8531579464145
86.55023800184303 241.5008500746741
44.78119893793509 225.0287857996014
76.39760337937207 222.168524305261
50.34293505300347 202.9394982410012
35.92374286338307 200.5202624400271
17.98710651966684 197.6899387237988
4.297876384094179 259.794739590151
0.1656059369692375 38.13638658143248
6.504076586637209 145.4368725877334
10.63863813348198 129.7128994008753
29.46198043271009 126.259238129249
24.0460165194345 86.06610809478043
57.2476265845624 85.96876276094257
34.18943206688074 65.46126693897003
28.32738901878351 24.01320153896902
42.43001065938379 63.35092318519087
48.91897819530489 25.61504451237495
28.18096066901266 11.45267647189807
54.29347296883336 23.24649386392319
69.46909929126154 57.0375342248689
90.51077067434844 105.4847297738039
80.49560113826915 105.3350052179152
37.63800618549473 131.2792704141063
96.32207520336766 151.9647953283985
58.82762608791381 165.8849749095177
59.09891278567137 169.7558846238811
71.49500774769835 170.4517526735452
57.19767302149559 192.5448719176136
49.58460449737845 174.6713711951608
55.38606373099164 195.0097104142357
69.52036679286245 200.6918527426238
114.6101300024353 163.5088834568938
102.4174894181053 224.9039681797919
106.2655178651951 246.9022484990453
117.3373917601406 249.4808509794237
124.3523428876384 252.5997983241118
130.3025017872815 223.9009897923244
162.2521070342399 267.5267057333356
168.1781922257494 266.6585152348558
173.1492299273032 273.114000537163
180.0562880386383 286.7592625674648
198.9952156017993 283.3333627181099
200.8180726454616 298.2651995784529
229.9021896378619 309.341422518843
243.7169355290958 305.4224117845546
258.1733450255075 309.0329219524671
241.2419732310089 298.0289295944152
214.1282948327484 257.9210566414932
225.1223243636455 212.9143927763102
204.5207399211304 212.856514060828
136.5274628240186 195.1222172700388
134.0593161812541 181.7741802691146
148.0285720818745 155.4736449387215
130.8219203310117 102.40659799095
111.3018191375289 68.79966546476601
77.98518429657764 24.04899777841207
89.56063066356012 8.252586478404989
133.7102154044218 4.991249514627705
136.6851956753458 35.64534766125482
143.2287262080204 95.5944543823275
174.320637051277 70.21061900378167
166.2487426561331 97.1635684125517
157.6724142923256 119.5446743956661
172.3769464120734 159.5349774907724
203.7787460530416 135.508477572504
211.1776920832478 146.6727045591735
200.4787204767345 188.9281552235582
224.6489313230459 194.1173529618148
223.3005327680687 183.9112729720277
240.70814603611 164.8089277114232
230.8306328287321 193.7705565872375
295.5476356149575 207.8128733063235
240.7901600673285 230.9431091182786
250.336596288306 263.0210190483373
256.4400673234258 243.3672212433927
295.8233777281777 255.4631155465168
266.7067171779385 307.2276231211314
312.8976865525686 306.1486939242496
295.6986036570521 326.3423648342233
258.1626768500132 317.9324694507602
248.1857348604167 328.2085822433036
275.0157778199983 350.7124835661068
287.7715800563598 393.4059494888537
298.1085474757296 348.6658404382359
321.7967011351256 321.015061763445
337.3024577025353 310.2742129017091
345.6788716813918 332.0093873520335
310.9521856069831 358.245441244406
342.1681632260879 363.0479850126335
335.8086261704376 412.6947000504355
391.4385990488917 381.7953327427596
437.2197401975652 359.2212182981657
477.1476186066641 347.188046382156
485.5753004728996 303.5281266504619
460.0241275912475 313.6088731966329
451.0706556096026 340.073995175796
423.2419687088016 337.3564013760113
381.8311526157223 362.7674929456513
379.8226243183735 345.6862757883308
351.9014072459577 361.7095585341041
361.5131675518809 336.6892124008677
388.6079254943314 289.6786028134396
400.2992497440101 302.8540816847963
423.9697010654804 316.3837135633852
442.7368778323553 307.4164759037403
427.4953223497263 291.7854649967175
399.2457699137178 295.720364046842
416.3519769563898 276.0552753221438
427.4682726125071 268.5502364746072
414.1282511073287 246.3510024218043
413.8441589456554 251.4601976909834
386.4878837160729 253.5536827485323
349.0856309012965 263.2603421836799
360.6299326403184 244.0631352735506
373.7609864215704 220.292460912091
406.0634106094547 211.3103858305258
382.0483897767094 190.9370063317587
378.6600993212569 148.8806375272049
374.3694405547755 183.87658105688
367.0928406127708 179.9382525528087
348.8095960357279 151.9548453104572
358.6750887180643 179.3684113746572
367.8474301444209 210.6557000856992
326.5941632743896 238.162112500523
311.835800214473 227.3281952503535
326.6827243321986 206.5885306902352
294.654895214372 194.7069847989823
300.3516871985962 178.8478691036942
301.7825466814813 175.3602648658296
261.7379669487225 162.5369262250135
217.7648592050807 130.6714254896183
215.3437405621501 128.8409349917552
229.2509462249512 92.72669448680337
259.3824635822521 93.29899367830264
301.5668022444891 155.7064396256233
315.1396253467967 153.787406190763
318.5847572983761 122.7870134159005
327.3287875209655 117.175385080155
337.3009142035089 120.6074984726915
308.7208711908067 92.70423409462569
294.058795718235 61.35717474020852
236.9565853635414 68.78894614864051
222.8188826415347 59.11381709828978
183.5989208094275 57.3121755209729
174.3910264124642 57.77371842619439
142.7569312976843 27.99924678149157
169.8343052763969 27.39634932165147
207.5261433229576 27.23757941669347
157.2942273835259 4.685158216708563
214.5866140017285 21.29465882777337
227.7804072965213 43.16666970226757
230.9673645259754 44.97905371544475
295.0003479339265 58.56185299179606
323.144039695073 49.10592578488738
312.6603501160111 37.060796796621
237.5495337380359 14.74847136713498
357.4007354040259 10.37522933453405
382.6925647937666 53.95821523650623
386.6043408887148 44.73495208210088
424.6192377664875 60.14910813134944
391.5357292610185 21.87692403798691
446.3812112111572 52.39927794202393
454.2720810309962 9.325595602936554
458.8672293405288 15.10459031954037
463.8844545868943 23.03640040202104
472.3901740235235 31.11079312293852
517.8187574788535 9.175491006840009
651.319875319557 5.458008019223248
591.9650107397985 26.44279051016707
531.3326408379293 48.64133152832662
527.97109315093 43.5018107849865
525.3510791999835 38.03872006690823
517.5522046024402 43.0030716033134
474.8893370919632 45.26149506155996
466.1154106245746 62.18932519227749
476.0821287892143 76.33921670371879
480.7495384853668 80.71717126475808
478.2932942651052 88.73957633084761
454.2078878708828 80.90511062310746
403.9225727722864 106.0737551710097
458.2941183099392 101.7059973863458
491.727656954572 114.5145186817193
529.2607338312441 76.29702593246334
553.3185308110797 72.0988011362097
589.6316327114438 81.41278036660748
556.3611036815091 87.01759974183176
535.6426250905042 96.10782086652469
511.4009504621358 125.0308697957692
482.9779107281589 127.7561643655737
455.8660699747979 112.7061241986014
419.007670677765 139.2260755241014
461.1672792972864 131.6225062621634
458.6792670369125 126.3054448819312
466.6791955139547 130.2317914403473
474.6774051761398 134.1179640395463
481.5876249795452 143.2937568149584
462.2337648474093 156.0697675823829
417.8900996499691 221.5154352079145
492.6043994746496 189.6254273034974
484.9511199330719 251.5728643687047
506.1561141915996 211.8508560713312
508.3735864632589 199.6530837985817
538.3925316911242 197.5995485402943
531.7033735862206 235.2726673513907
534.2628654733622 248.8793480035027
542.7745705523104 235.5726242277095
592.1317689712431 240.2955400436057
562.2023909115895 295.7634131475339
600.0190416779034 275.9621015412959
616.6823272340313 302.082645721389
602.9316484662331 273.2967658677495
613.1443850290882 246.0116763472528
633.4975560723601 285.5061658229985
637.9813167505805 298.5702800039052
651.0119166100432 271.6201488623368
657.726190454818 213.3914986148626
613.600225747405 207.4622800693131
603.0895548513987 208.2747976710616
555.7712976357113 178.4267271202817
551.9072633528907 137.2948027483597
560.5360920862729 112.2554634550161
573.8170804855272 154.9168351898271
581.1252945299929 169.9003506958058
584.8708073902664 165.5540134294384
587.9608993348652 170.9402686014483
593.7327135268012 163.727033968773
627.352529460763 166.7260885752024
602.4630920309693 144.9629842882612
598.4887786301482 106.9335914932926
606.0794017528098 86.74937448483099
622.5205046884447 102.0791575864292
610.3840947004825 78.91901077632623
626.5377765341635 101.0385096865618
609.4167986298232 128.213852516463
643.9390521138853 168.3449084793853
656.0998950539691 198.5783310593967
660.8172368487835 166.397365703957
662.666085762541 165.3416446041126
673.2183208464296 137.6940091426974
669.8824752276796 128.9496365050791
664.65903447245 82.93747810393415
669.4382306007746 81.02901246580973
633.304737192175 56.7938916598395
623.1813403966918 24.66219875346864
661.8957590611093 18.89199734171743
666.2070813004224 26.44546442642992
679.7698737622354 11.8458020006158
684.6433823016296 15.86735990820765
735.1909525673311 4.000227937322798
748.2063003155731 24.59003061765708
747.7685320288028 13.17605062329341
749.7577915045805 23.13994595021207
749.2780894252911 63.22469544068709
729.2310237845447 71.43533616326336
738.8166745608041 71.16774699854634
722.2470155476116 101.2498302641984
777.0253544873999 93.48097726867543
774.7348168834673 118.0704657829059
756.0075922060821 158.8471683292584
781.4178607528053 118.2455434071564
814.3873582786138 109.1457437199834
824.4118496948262 106.4789580249118
803.8606059235492 74.11582339470846
818.0650560876046 17.12473479236176
821.0479489436598 17.16166866130098
950.17837260762 26.8789566634573
885.0055482834654 36.17807424233854
858.4389057797054 54.44757190721983
850.3447408848296 108.3427029846168
813.48559086854 135.8184813231999
808.1175252299913 175.9333205133535
816.9949585829533 204.0878088324641
805.1299870906182 211.3609685561566
766.5494137712096 200.2060988572042
791.1236629046059 220.2586917406141
790.1595724641059 221.4112805590765
819.5223283707594 229.7802928568924
853.1805343245363 203.8152288249835
868.7564617737668 203.7222873295374
863.1724873812175 188.4023273767382
862.0876397414723 131.6541332227705
872.9942047159991 180.8756563480892
900.8352055750065 188.6996355298515
912.4808701897832 155.0817463318561
889.6415718524867 153.804876241592
901.3617474405585 134.9023035354795
894.991703593861 63.10152589689744
922.6798820618376 57.12231600196726
937.2791026786781 48.7927019665968
932.0255637392578 63.95246433001467
934.2462594000252 82.68477741677837
927.0585736263505 102.3099731193567
950.7118929462595 86.70389023378311
964.8909333960208 84.61062925193342
981.3662870680387 63.07484636058758
995.3254062433331 28.38806071140898
989.6116595197113 62.16487536413784
988.9053372220462 87.59969659839595
964.4317128372188 95.85247503227079
946.4665805091846 110.9137174814658
984.7130554287189 156.5021591159991
925.2379840816831 166.1666670724452
992.0136070054366 170.4927827694377
996.1371886923188 210.6488569844508
967.6603651037618 219.0790158525764
983.0858739854685 225.2639154520777
962.4822545024809 254.727589436137
952.759198257329 228.8931914047223
919.5837958510118 268.3857724577945
947.1127867827632 272.3514904853256
958.8984468475458 264.1058243020498
997.7618724313597 264.5911496524155
989.6745766402411 318.8870514773621
954.0450085129926 290.2700202318205
920.6387273336766 282.2025321566803
891.2651004771288 260.5454966290008
860.0809552851166 231.3725141092
806.0110322403746 276.3083564653832
813.6401591357738 303.9937635459941
762.8795616331488 288.3387393377811
766.655100298142 263.9991357393772
749.7982127221299 224.7846997467698
742.7036097064932 211.0352437930378
738.1274440782947 189.8652151444425
729.2221671746769 188.2324499033226
738.1103872318369 182.7290432152094
716.9078749801867 169.0462823963142
699.7025238181928 137.7161766336885
700.6351983730704 150.8847119657033
703.8261354166584 197.1586589192238
686.6971159031825 205.5517780064787
707.3348296355246 214.5135627170411
670.9387334751475 276.6474283110995
678.192331642259 298.7487822951943
702.4187905048501 289.9162563222722
686.0060342770952 328.2383276661251
754.9985083684433 314.4747617827989
750.9757780146824 384.1460114981854
709.4466135176843 391.2384949177117
730.7619974875539 395.8982123782416
734.029708655405 402.9923294090372
739.8610146207317 439.9418341370026
754.9403853853879 440.9317286307531
750.1574934675394 405.1044569273983
776.1530690994199 393.781699940057
785.1287969832932 395.9856046397679
774.5802781905846 407.2375916162637
773.3526082955297 430.4104384400335
788.9903030750738 442.9568110441828
796.9901073830306 425.6339449609062
778.7805748525016 415.4579920114923
794.0042169128157 405.5409495495804
787.4568541087785 390.7698171063184
792.8054100780437 385.7162036424935
784.2006764158007 378.4378135941873
769.723572902798 331.6884539331772
793.1790662596948 326.4730120691855
825.1304623126422 322.4393073539181
843.6069876981547 339.2002623973352
897.2352016193835 316.608273651703
945.1547452307912 321.2368687202164
957.8719533052499 325.2019132161577
928.9831705778203 342.3653297793885
901.717385614151 341.5155364824193
895.20998524758 345.5809952798199
904.163741405838 347.162806501233
900.891244273504 356.4732915349595
912.5833238543718 347.1011088078996
927.930263227817 362.0161427570675
900.7636052174204 378.8262983818718
913.3491893412795 402.9988134379132
893.3198824134561 405.7520663699429
874.8565531826528 402.6325829330555
894.2909006570344 428.6505610134288
907.3975440755615 429.7761635060937
920.5782460743133 454.2083133691521
931.6408426953658 435.1725670703244
948.5204331376908 423.4938443666947
952.8439726711519 416.0159444306784
968.2130342854151 413.6442521701595
961.5017878803678 409.9758590457892
938.7939876479101 358.1992367863286
995.3287044050896 354.538310270477
991.715919876745 381.6720752688242
989.3116832017685 389.238870011735
997.2531789295707 472.5889540674475
978.1199220827509 432.1869522150665
978.1154381085815 437.9296012018442
971.5977428959818 441.6033787789722
971.7423703528613 467.6235176020125
978.7051751453436 467.9041180235793
995.1325486225627 488.176786677006
995.7257783401479 489.6083744515344
991.0858057721576 498.4128354673409
966.2191459786048 502.8652285844244
955.1098435071534 469.8140123954564
932.9161320978398 468.423253145926
929.1584732378691 462.010504142647
909.9822215809378 461.9784186439395
886.6370571331952 449.7977758393834
854.4073246838304 445.1664983371641
862.0486989246716 461.4354859935905
871.0578581954594 472.2610930228702
835.9193699236736 480.7188352280806
858.5516043411978 511.1147204367608
914.2472126137046 510.3223379037124
946.0051190636248 529.6200880594246
918.094079221279 522.7865049686592
904.6009060479214 548.9530563378769
915.6054494952637 522.0521211681612
892.9112904582162 533.9631373152193
865.0195834363386 545.3396005518557
861.6886629168882 540.6189765100633
842.2362220444968 542.0835163076295
846.8403301702742 528.8384114268716
840.0729154198834 543.5819781177878
795.6912849283689 526.7919028324284
757.7677202114132 515.9627444829099
778.1087575564126 472.9963513747331
802.2002351731867 464.1317417044125
773.9930557989105 449.9270377911248
769.9897427644706 445.2928692940428
765.2325003290659 459.328315885164
762.1565857184673 471.811818592927
704.9469532699567 461.8720289106071
713.3648261863336 496.6478117021973
696.8227696091304 483.2395142669498
669.6871703883212 501.0849448879156
680.7024035061246 516.2216424174607
707.0592616148434 527.3203438566615
715.5922815154676 521.8572042344189
724.2594371989077 520.9439283840783
746.1336695290682 537.1065432550638
790.2972571804186 530.4012729184595
819.4781439367981 557.5761762947769
799.7572889327109 573.786441598024
750.5584401847787 593.4617052856096
731.8453763553596 579.216695066685
727.130378412603 555.8112528092979
686.4921389168715 533.9890143920761
670.7761256059292 520.3197354963985
652.2326595210604 506.424593011241
619.5500865614908 525.3064440287207
645.1261812786896 524.2924499450986
666.5516610104402 544.8310802938192
659.158634865169 549.7478061229394
646.4801984791393 553.419455276673
615.1717425721294 546.9192328307495
623.5622422967194 619.6922711789514
648.8418713690062 594.746946969339
680.3142180466194 603.9460932855174
681.9952236190138 576.2237200277333
721.8208929747186 570.008347880347
714.7938611399032 612.7115810740373
761.6825757763941 601.3566432547384
768.7827137489101 626.2648345205442
783.4932744897851 619.942128918049
790.7560033952901 658.166158730243
812.9341659633091 638.5985819883615
801.2182897565779 610.7776544508391
829.4079319713578 632.846739270679
836.1576840513209 586.9352953332915
856.503228414509 590.5122886097431
857.8937741659327 596.9974681807095
900.0256268673469 569.915292422951
909.3116114107957 568.9628108264419
898.4765903420836 609.6478752498704
950.6925973161209 611.8017667407562
931.5598684356905 647.2773810813195
969.163162439152 661.5839360461821
979.7154183799198 646.9283778057921
979.6852976627552 601.9310015892019
971.8981684657945 590.230070931041
953.3404335256433 586.2710136081507
942.2505787642102 582.5268229857035
958.5483699444126 566.1950677951509
983.2491768263817 536.1524025329301
998.8350323239218 572.8046052898505
996.8648090905832 707.3329983227483
975.5129550386894 677.482446203912
959.4268053282311 670.1705729065492
962.9918983107609 711.750876089863
945.4517788260212 673.379233040215
926.791273685567 665.1126839417676
894.9323103511808 651.4443440443656
899.0172009169665 700.0573202311448
855.2372619769585 666.4042982439322
856.2888956041156 639.0872281121413
853.6099769956494 633.7945085550869
845.2262126003652 650.7907516687027
844.0259290057642 675.0213479402399
809.2328693753334 697.0623610149673
760.9314919275555 701.3462409322109
767.6792343183095 713.1455425770766
731.916514104652 722.4838281686141
730.9887574603778 695.173921659341
728.572875635426 679.4698651385746
700.3796153590552 674.3248211230623
697.403581537125 703.490959406546
714.4473953388265 704.581523050574
715.1753833054704 710.1616774465937
697.4071866492169 728.0014309002893
690.9503506721215 755.9585710591879
718.4309410016651 742.1378946675919
767.3475564300425 734.3839215133684
784.1505324820886 736.1845994395462
811.0854892264174 702.7694710819429
825.2219049420796 709.3759805626191
839.7561425526774 697.344244234225
885.4421978041373 705.9234176489057
847.1436004279614 718.2211194110241
873.2793872849455 732.9128931433377
888.7043878334462 775.6322305332824
897.7888988501697 755.128446175975
902.6492135909732 763.9235647079426
903.5089666430205 758.6347486704998
924.0455471359235 744.9602159981521
957.3029547786459 725.7845761413074
965.0135718631885 773.6392718945563
976.4048579884712 729.9866262500433
991.5212846869027 809.1635368952796
960.8273660570131 775.9852542125717
955.9663305604108 829.7573883861986
985.8483133578872 820.6221016055469
975.5722332957397 832.8264950284403
965.0468373276489 833.0318467815846
979.3627943809128 843.7989273130607
938.1618205591262 840.4898131286923
981.657631547734 880.8291483004758
986.5650121870522 870.9080047090233
990.4201640949063 898.4538380459852
999.8888058747897 961.9005811468601
954.1006883477462 994.0769871117605
964.9431932591901 964.037663903713
964.3602408753293 959.6343853852828
964.0063829334624 949.836545084343
944.6816046926687 902.5202753630723
973.5383733028805 889.7675692431998
923.4387790582996 853.4618449344068
919.1223127226936 860.0747630315728
901.373670745799 845.4743866091054
905.0034839897355 880.7529540637123
899.5969538672498 905.357240307064
890.6103103356674 890.0657723179138
883.1195797383746 884.9809932205003
891.6302855085621 899.5640026862046
894.6936115910032 923.6242345212147
869.908203421698 937.0758998554369
890.8219802820559 950.5347976932299
895.7610324661645 981.107484264051
907.0244343093032 995.5804740219421
862.014295532047 997.8462135871642
847.1641305700952 988.7555588974129
840.6930366371954 991.7177981549264
827.6367568008999 983.3514035744288
831.9006406190639 961.6406059005136
852.6012705973848 920.235405631057
821.142305608239 892.0523760065067
867.1737125043319 844.1245865133627
880.1579038563106 838.2604992499522
858.1530190728793 831.4823072327874
872.1146193351525 809.3636370640882
891.7587568462336 830.7351439312891
893.5102940569987 834.7516631016005
916.4520605569976 798.4596872749313
886.8000122494857 785.2014583026127
829.3323296167711 782.4417046293622
840.6759573930494 757.0613442407773
825.4462376568902 772.3840844012051
809.2253096207271 746.1144917099264
786.0054033907517 756.2211968393192
781.8649439626664 754.1987570429035
771.578580628447 803.2240764417184
757.0528662660196 808.3990307006725
704.9835850378348 789.4283644603337
750.4373976638904 820.7749554738936
722.3267638090109 840.0510851182471
768.0160325013766 860.3534741918005
771.1513696577733 861.3229446439774
782.4964865803578 859.7157298223675
801.5978848213271 869.2654449110639
806.6967356134257 883.715932240391
762.1434228531864 880.8067663470545
801.5623117425499 923.8141983551066
801.82022380755 939.0296666468817
755.7258560765538 945.8001301438088
756.9446718715212 947.8943109709176
760.9311046154041 962.4548711072099
745.012535059565 954.9571982375934
710.2647353546879 935.5484710742408
705.1976721688823 922.5177606142147
688.3838677969145 870.7739200415859
680.1909666357612 873.8000880457269
659.5982108360776 841.5573081222498
694.5397860239265 831.3169106811409
660.3897488094094 801.0111019467945
653.511154927359 813.8384082030954
631.6511622349217 791.9673479651646
625.859336315202 812.9534930331666
633.7457819531422 856.2845187378126
647.0384520164118 839.3682075569817
651.4551553019726 839.4377226437503
639.7846040195784 857.5124709576628
661.1686599219645 881.3965058385638
678.6019640188254 902.0626986660539
688.2466862448422 946.1404668661475
676.6337630992725 958.2191501532988
650.8570980313947 904.1601377262568
622.1425833034565 944.1841186347417
617.2833267765368 974.3809518011292
626.8510244251568 968.7986300744998
623.8039380476079 984.7389207884406
626.9031683947437 990.1883190119301
588.6754241458973 987.3170181920008
597.1668022794419 970.7357608392639
604.6662497377209 920.9128497228378
600.0782610509472 884.3073420765235
594.7952871197271 886.7296233542043
587.9780142374983 847.7420422703851
617.9746156090708 808.0191596022414
561.1752437615484 812.3363042147976
576.9777682486762 783.0805466656793
590.0115051079902 767.0437862831573
585.9863792489531 733.4880949129115
611.5550527548259 758.2158242638408
612.3736293996793 733.6213213772079
584.8648695413915 732.1268015674373
615.6369105288467 705.5021199966957
601.5817399395004 689.2519880126029
603.4736488414206 688.8930719675628
610.6259777437563 680.2072000795404
599.2419182097574 637.2424875074058
599.6151010575572 686.3891676647082
564.6754722237748 629.6788143116586
542.994124225801 681.5311259648752
538.6055211630076 644.0142669986915
545.9723814869711 632.7612845102119
554.5694683925956 608.4719177250161
515.1680884537634 604.3481825167863
509.0135980039734 628.6538223491696
526.3956619806809 624.393317336324
504.3507961517572 640.7790635710671
493.3049799327611 669.2216175716894
531.7018841481385 672.9678899387018
528.6763151220119 696.9624897782315
511.5285813508215 690.7599445211423
495.2032892431267 708.5915676003108
521.7377515236324 703.5195082904987
532.7588785796015 725.4917455230202
556.9107918026624 808.9788667435968
553.9865541792918 858.4450020151278
562.2522550684308 887.5530310474593
541.8475116542759 910.132537197038
548.2382091858101 923.926953503599
599.7724010776791 917.7806997879267
567.750309073345 949.5423615728942
577.9197070672885 987.4948988571915
536.7603791327711 990.2889743319147
543.6962580336697 976.6288222960488
538.5973827685381 925.4510058361982
526.9259926083558 904.3537724221791
541.8243251836509 891.3413173825318
535.0919001010278 862.5134975295872
500.3763254209356 816.8624804404249
471.1481639655389 853.1372055513738
457.29011574833 839.85080685742
438.9618765513844 853.9193165074586
471.4031541545216 860.0069481515476
493.5151417241521 871.2968904373614
523.3208425202113 877.1616904962012
521.5945905786474 903.2119428103258
501.1334132552946 879.4333059585846
487.02918270573 882.5784185173479
475.5417562617496 889.1257462101416
477.8976041421163 902.4566273003634
501.8543750618072 932.6536293049719
498.5146153224057 980.6727880435741
463.0160436640996 949.6535631999361
469.5082250903074 913.1911007558822
436.181352207446 931.2626279883064
433.4586703477217 944.0136820136128
426.4374471874888 970.6119465460978
365.0660046800465 997.8254918495741
383.2218939219395 974.6492796536144
370.4544059639237 984.4914439665714
378.210091044355 964.6082670359228
393.713577101335 920.2273603924099
432.9896090413763 922.5357605143048
425.6473601091233 878.2088621176694
419.9088689577673 849.6959763856419
405.3482640188752 845.240177440101
411.2336169162023 860.4098036033487
399.7721368185604 856.4754530154875
378.2187560512392 849.5992879283959
394.6836010873805 890.2460360928143
380.5174968613983 899.2339063131132
372.3495179789319 906.9233662308491
381.2809301371444 917.8079392073264
365.2116668687227 941.79104387039
364.3324023043154 929.8607291752653
361.3045672756359 946.9760393791919
341.6353429039728 944.6305570908867
358.389854937105 957.1731457233044
339.0896528440791 965.8983798212564
311.3495972850514 998.4350330641148
306.0240701723294 978.0164710232618
311.0598008789763 947.1241964942407
325.2507644874807 942.484624177555
319.4292263246157 934.3353821439239
344.4291095394854 921.1029143372161
356.5209524587197 910.8105519079335
357.030025013595 897.7808647196257
359.1877137599803 884.9963019869648
365.1669538034465 856.6354007481772
384.7367578727094 824.1964689267919
398.7578984927085 839.234364983287
432.278684039468 840.5893823954184
455.1515491132528 793.9012228454923
494.924417849804 710.6643238325447
441.8618232867277 764.2279461359007
414.6874215737137 763.2279763619221
396.9026305055215 767.2689053906396
397.5422820862461 783.5221864281924
380.640584653727 792.2549784029268
375.8749421207159 794.5427981173676
378.2342441999413 812.5584208107947
338.7720420017765 858.7311788635437
346.8195467553841 882.621891905823
325.3444367882514 877.1054720569399
312.5045860831636 916.7480932571355
296.9085239949032 897.1411109884455
294.1694314311042 929.9674210684644
287.8536657290286 945.5404647747237
284.3153570278569 987.7938083061832
285.0250711943798 988.1898424849394
218.0007473120634 997.3715193843727
241.9395787792718 970.8453186371368
235.2808603851858 972.8059094997212
249.8355914902174 964.0239078922356
236.7325196081357 929.8110500604965
211.1912133629236 966.6758298040365
199.2932532026934 956.8705460154495
199.936090567413 987.6579787900222
177.1954923749202 953.4424949041061
167.7168401086642 925.0212021133752
228.7876561859803 912.9871655911064
238.3965308896877 892.0155176462371
237.9392854352865 858.5389888366138
226.7687423931722 887.1581562229678
150.8368238834986 887.538224732742
183.7893778188056 853.8191072412195
218.2018392911507 837.3543178764443
220.6911317078606 848.0514445639831
221.0656647292287 832.6119168733803
234.4939169429677 823.6936415844502
229.3004253079508 814.3564356660277
232.0654180727446 801.086012939668
255.2979596565413 835.9698152605096
282.068611142376 855.592627500517
297.3105065565319 855.9187946652895
301.9756280833492 816.7417921167726
321.5690704073526 785.982336030984
303.5816462906454 805.2803617206907
287.1918688032071 801.9922129827233
299.3712906609495 773.8973069567702
280.0594479370417 764.7230365188598
298.8763296051151 758.8547648465375
318.4038795027457 710.6559490515201
328.6233479200521 736.961955606266
353.1410033535113 727.6409410901724
342.4068936054792 765.499656616791
356.2788895263291 779.0160904030918
370.5811058095099 734.362670287928
388.5687344588324 746.7397905946756
414.0902763857322 710.8320984078051
366.4212415186295 721.0124712907518
359.8263258328714 703.3753365475106
370.7993071162996 673.6146680463315
416.7990491088133 664.7795457000558
433.7104364866758 661.1491195607679
450.05045315032 651.1068171515342
421.9344270999367 637.2108104496169
376.6499189266162 644.3950356394669
366.3037491869195 649.9295448411283
343.3831905466108 660.7446068035964
359.167741885825 642.2642838676949
387.2312012751144 599.8513548473754
408.5872839667653 604.6876440569324
428.7578649596758 603.7322584603102
434.622900854026 601.428589025139
442.4767591094734 552.4363405984437
412.3258830189355 557.9815878412514
404.0585213589708 538.0641601281337
387.0041882793315 572.8978170102279
346.7601440053927 585.4256118467498
354.3631877647185 563.7940043149074
366.6732510403822 538.5276000833779
317.449984105101 553.2780381667836
321.0775679918808 590.4015578352594
297.1240021197785 624.1309788193863
290.9761044838047 648.2184773164482
333.9126990002983 670.3854223364816
288.2591167196424 675.9403965379938
204.8460816036106 705.7364328156826
243.6654899765359 757.1457377686115
218.8415258899968 803.9966424243582
197.6258963719375 797.6149541139022
180.2384983598942 840.193066071427
142.6926499042662 879.617628060893
128.5033001801866 913.8548182031162
138.8191023277411 919.9838630294515
125.1680807218273 915.3011119065503
121.5011017434886 913.9068638960146
111.226043524481 923.7696104340539
105.850703560246 994.4924974589748
58.90194093934065 991.446980718227
52.0178827351121 997.9010441739989
57.12016617915261 990.7228976838293
31.91801345259582 986.5401767027448
50.11043359783507 975.6162433574798
79.45229064631243 961.4455212652608
44.16075408630604 961.4122239666356
62.87264066489173 935.2877168468535
92.47474037475534 938.3149218462858
96.00949175750628 926.1881711416667
111.9499585399551 895.34836747054
126.0848959719024 878.3081377881447
90.31756910505328 874.2912666066345
77.48567603004352 880.5775675872666
46.67544733985807 896.91531451386
34.7978993970004 933.7927930736872
43.1218686139383 944.4488469286621
29.85674598790233 960.2331144106757
11.39232075801677 935.9607791405592
29.09171645606301 931.536578750435
24.67486422601628 908.448619329989
46.35881768601591 887.876058494071
56.41574120637438 862.6723259052428
43.20441918551665 868.9330789157555
46.38888240937356 861.9303047794614
57.67296730239835 827.5535425162357
133.4675361958309 790.342592813356
163.4200147487793 818.9950776155921
144.0341136493894 791.4165374897274
160.4808583763682 799.7555864483251
190.7836413382018 796.4443586289453
179.1242008160369 740.5038832891834
134.5606928042874 751.7066406231251
130.5035435668068 733.5991277107145
113.3106702814252 739.971218160682
84.42536068880568 773.477087492069
58.21439824579677 765.4780964691611
41.29899061571373 784.7368794595298
42.08069397130166 738.8286337461033
49.34432257501508 755.5324621874305
80.26893678020986 744.7014895477428
88.29836232606958 725.1094726412114
111.1340921631555 693.2170260794441
136.9572950727774 701.0379349368499
112.6619944183241 666.7079737394033
135.826973149622 646.9635289116259
91.27561461838806 655.4564160809392
91.67863802115051 693.0954166588451
52.54755974679315 725.7765671265553
25.33495946697584 721.5603197004682
6.350278482398442 714.9821830420048
42.19353292457206 683.0599290733433
46.39102265696171 682.206036825639
51.65321068894413 635.1283355868187
15.10242262100448 654.6789084659274
31.09220305909599 612.2105297874646
21.95468428055602 612.2417801497942
12.57373115574967 595.8780375317721
6.697933451309868 590.0056049426088
24.75083952641022 569.27541276469
11.03542827214465 570.8084106368227
1.5760960122716 565.332385862205
15.60037577480777 563.4683301515702
5.437313950124367 547.3190185783211
25.92308358488471 555.1253852476048
56.54296981142659 579.2331000479838
67.39338011215735 557.3287177292692
81.85291880149603 608.5284447295403
124.7921470200792 574.9454621791408
102.2482826643512 609.9015081682848
103.1040206707322 612.1812133465667
148.7120356734962 604.236145533385
171.6452056436388 617.1507338199181
164.8845037040512 571.4763813538182
197.6860336966344 579.1322147988144
225.2597966971756 622.0924431068155
191.7926547389763 634.489952386448
173.5162167100976 646.633867251943
160.0737579571402 692.7636526294082
182.5560289955116 685.7302432343898
182.2116679303756 692.289610457632
185.9509743195973 687.1714837267596
193.0189764201255 676.1396907421313
217.0607858445307 659.2072074058816
255.4748655740379 648.400393477884
268.3009536687671 628.9694321005436
265.2475749031501 620.8257503502572
258.8060310971473 625.9647278770691
231.0409908213359 625.9786700732253
265.2792583855758 610.040420088292
210.5186037099483 577.0480242528869
219.9023072693426 561.5809500917731
218.29391145365 562.9456765945898
197.7550692153693 533.9614886074487
221.2022007805749 558.076051387509
228.1631872186171 519.8223276983985
243.4988934438878 550.7729881321882
288.8639639542348 536.907996607864
287.7994962060739 534.9353072851861
305.9275919609423 529.760960757449
287.3787062397341 517.5610088401087
263.9216184966524 503.4838125195976
226.7935486982786 464.8097891692328
252.9363243750053 467.5775514535239
275.3948649240283 456.2448542692251
290.4482377958161 507.2191081077199
306.0309911811422 503.8102187063313
379.5691434157458 481.0198041456916
438.0456468275907 508.6052968669158
461.1656048340105 530.4468663120139
482.2650392687727 517.4872799750991
466.1309723241868 489.7806154924446
441.3671073606984 480.318369588079
476.100585974486 481.5926395258692
482.3759568097212 451.7128490892627
481.1624947710826 431.7236712197534
430.4542555052714 422.0298201278396
459.2767248413757 392.5307729361759
